psi0 = [-1.978787300411514E-15, 3.175210403931645E-15, -3.173206195777366E-15, 2.7426293912582054E-15, -1.9495310689203927E-15, 1.3354448975723726E-15, -7.150372365765755E-16, 3.7602671370234883E-16, -1.9212087654184345E-16, 7.418965110340173E-17, -1.1950434415095078E-17, 2.96849444735324E-17, 1.4162976791813735E-17, -3.1353466005468784E-17, -3.889493127762169E-18, 3.369570436732512E-17, -1.777607176364024E-17, -3.309541136308324E-17, 4.175652011228089E-17, -6.315011174937186E-17, 5.851112506346307E-17, -3.9445257987382576E-17, -3.002827722396982E-17, -2.8636732094556764E-17, -8.71452718218874E-18, -1.0635918802201937E-17, 5.89898810154931E-18, -2.0357635926349534E-17, -3.2911676488958484E-18, 4.600755813892976E-17, -4.8231556491826993E-17, 3.0090567488793294E-18, -6.545235247828838E-17, 3.9811846064338055E-17, -4.990617684043923E-17, 1.613167881518385E-17, 2.245871088395341E-18, -4.990702765766788E-17, 5.048879346155599E-18, -2.1442442914648848E-17, 1.5235470435341018E-18, 3.54606869474389E-18, 3.0388350826531057E-18, -1.1506398632100565E-17, -2.940041978864448E-17, 1.353117859352904E-17, -2.6634660119455792E-17, 1.84649833363836E-17, -1.6512349934135653E-17, 7.125119415565598E-18, 9.407456605254419E-18, 5.875600820628662E-18, -1.3979985093157386E-17, -1.9845884339733583E-19, -1.9616944264762763E-17, -8.532670650712959E-17, -1.6171957321166936E-16, -3.6364595309319756E-16, -6.422866107540648E-16, -1.0363119699311134E-15, -1.6347793973732247E-15, -2.334034782065496E-15, -2.9866880909455397E-15, -3.417814847099687E-15, -3.255438369931374E-15, -2.347547289086799E-15, -7.42296031655851E-16, 1.1327337954758007E-15, 2.4834634003746988E-15, 2.4707776437177E-15, 1.1054398882216502E-15, -7.89338531581754E-16, -1.6416507973344242E-15, -5.355999685132944E-16, 1.787141318703028E-15, 3.2391641251130607E-15, 1.9678389095065666E-15, -1.3595131808888702E-15, -3.669960623837067E-15, -2.466079541339131E-15, 1.2696413606688146E-15, 3.5296447937983225E-15, 1.6569722218465644E-15, -2.0259901819250975E-15, -2.7226904669167793E-15, 2.1662009367629578E-16, 2.4337994119709176E-15, 1.0227069410925135E-15, -1.37570720180315E-15, -1.3403974833367466E-15, 5.068413494234554E-16, 1.482866655242582E-15, 2.0035798990407874E-16, -1.617543380936395E-15, -3.661518487397665E-16, 2.014035701865027E-15, -3.243400180122046E-16, -1.9737854709480855E-15, 1.747776687885604E-15, 4.0506170758865086E-16, -2.0036794637961883E-15, 1.890924786570917E-15, -7.053345177111272E-16, -7.561005781950676E-16, 2.2319255654357872E-15, -3.0898158500043763E-15, 2.521429262750733E-15, -7.290160735173968E-16, -1.2033511350664052E-15, 1.8902957542812936E-15, -1.0985486442404454E-15, -8.004399059797002E-16, 2.582022651376973E-15, -3.6450775646029285E-15, 3.4540029274092234E-15, -2.5443893888663304E-15, 1.3710006599789913E-15, -4.22899012678061E-16, -1.675897813345075E-16, 4.463687413725756E-16, -5.291084878797616E-16, 4.7990554656345E-16, -3.6276070227961615E-16, 2.7826085992289408E-16, -1.8104995976258865E-16, 1.617497687705568E-16, -1.1925983551053182E-16, 1.4448246730777862E-17, -2.0466971424723976E-17, -2.5823034532512232E-17, 4.864294402624392E-17, 3.19134120808506E-17, 1.6958598826124333E-17, 4.6637702268401216E-17, -1.3625862004694896E-17, 9.101578853624214E-17, 1.2144375445129905E-17, -1.2755367597712831E-17, -4.0041901554468E-17, -1.0586826270694575E-17, 1.577130942673056E-17, -1.3112115737482835E-17, 1.8654476457580282E-18, 1.1658101529202377E-18, -6.948106968704149E-18, -7.490833896264741E-17, -1.7247478305154915E-17, -2.7533021638897307E-17, -4.9195637143321176E-17, -2.1288870545455756E-17, 7.881361737698572E-17, 6.410324084039078E-17, -2.7505030448251533E-17, 4.0851067266785184E-18, 8.235073995752955E-18, -1.4018260046189454E-17, 3.307976804933558E-17, 6.440339887987066E-17, 5.356377836322909E-17, 4.042529061658463E-17, -3.513779378370882E-17, 4.7065187300059294E-17, 9.516301696696E-19, 4.487109140054556E-17, 1.132866148923651E-17, -6.14270088210906E-18, 6.494872896263184E-17, -4.081591189410765E-17, 2.1943594204091407E-17, 3.694978418826306E-17, -2.6955791433766697E-18, 2.474201068852137E-17, 7.330515262574639E-17, 5.361156914731851E-17, 7.698796080272049E-17, 8.8347581798634E-17, 1.0456000355954827E-16, 9.950116640247147E-17, 3.73810855693387E-17, 8.170480242733231E-18, 1.1599928893636397E-16, -5.785747258311452E-17, 1.6208185012761726E-17, -6.742584445058619E-17, -5.5394869270897795E-18, 1.1959775146860166E-16, 1.7943681547620628E-16, 3.8240996272052236E-16, 6.169000900419597E-16, 9.377746540375741E-16, 1.6002139649136315E-15, 2.2024547820618805E-15, 3.046286837023196E-15, 3.646819841134079E-15, 3.775789305566726E-15, 3.117796040327466E-15, 1.0258435583810411E-15, -2.149515026693285E-15, -6.101258649768369E-15, -9.547376542750441E-15, -1.0868308909560496E-14, -8.747476198365478E-15, -3.550046451326771E-15, 2.4040739817870773E-15, 5.703076322827227E-15, 4.446529754526004E-15, -4.499839880001962E-16, -4.826196859309083E-15, -4.571967331195773E-15, 5.027283372499235E-16, 5.317230851445153E-15, 4.773614295154539E-15, -1.1745436181648797E-15, -6.0286376481385625E-15, -3.82278253193145E-15, 3.2404598342378387E-15, 5.958867378666131E-15, 6.237302960359673E-16, -5.2234749826621866E-15, -3.2438610043055847E-15, 3.3969959658585683E-15, 4.365691273831265E-15, -1.784861791005677E-15, -4.3781901198074424E-15, 9.189236597988194E-16, 4.10561550732195E-15, -5.013954195286227E-16, -3.661239987339892E-15, 4.288497907316407E-16, 3.2443264999333876E-15, -7.576157550787834E-16, -2.7791621913348548E-15, 1.3060853569551716E-15, 1.7493245809049133E-15, -1.811563320352628E-15, -4.919166121489384E-16, 1.5672826493300707E-15, -8.746432132559903E-16, -3.9157901603743633E-16, 1.6830657345825296E-15, -1.418885273831406E-15, -7.753277090998447E-16, 3.0254908386157467E-15, -2.04970889425458E-15, -2.031370977429401E-15, 4.3854261842663915E-15, -1.8889289150376085E-15, -3.300687617448721E-15, 5.6214239873006314E-15, -2.2830584305049167E-15, -3.5302148794972966E-15, 6.228905102706471E-15, -3.5250139987043324E-15, -2.2068063473589764E-15, 6.1771349656967134E-15, -5.528880865145637E-15, 9.961682954178108E-16, 3.857727903567644E-15, -6.0716263766919815E-15, 4.492950157917751E-15, -4.0070974188247604E-16, -3.877542829357863E-15, 6.487002643674778E-15, -7.076786908783784E-15, 5.657850429379441E-15, -3.443060375500933E-15, 1.247741623331127E-15, 6.28312931772722E-16, -1.806400739256383E-15, 2.6722496221080975E-15, -3.1787979721658108E-15, 3.2391981851149617E-15, -3.2609252994130204E-15, 3.3476924899735078E-15, -3.071439127429865E-15, 2.7217768469582904E-15, -2.2793925162792603E-15, 1.873193571053154E-15, -1.3435314163342532E-15, 1.1187672009515812E-15, -7.475584993959488E-16, 4.731726194795622E-16, -2.7300708829374845E-16, 3.790288115279947E-16, -1.3922070150881959E-16, -1.2434793473210396E-16, -8.395086149417295E-17, 3.884982965032949E-18, -4.223292276060768E-17, -1.144881554543237E-16, -3.5736627680880875E-17, 8.05056153350636E-17, 3.443980950513806E-17, 2.4208084853654777E-17, 7.728664855169594E-17, 2.826327997047568E-17, -5.891958696782909E-17, 1.2650110507315204E-16, 1.4675115143071788E-16, -3.572471032293331E-17, 3.473614713736155E-17, 1.6621256080521446E-16, -1.163737642620402E-16, -1.9833993565921965E-16, 4.932857109451903E-17, 1.1961439629144757E-16, 1.9529950252710312E-16, 1.3696337266682648E-16, 1.6215059219647586E-17, -4.685121653583957E-17, -1.8345701542833806E-16, -6.044695519338614E-17, 6.37402585041352E-17, 1.6641290257783964E-16, 1.7488793677839966E-16, 1.3035678181861572E-16, -4.062246566657166E-17, -2.956408143069633E-17, 1.3238477279688314E-16, 4.84065075635897E-17, 2.2473666822553258E-17, 9.454401658571429E-17, -1.5635211647580158E-16, 9.137691122265953E-17, 1.5126337721326008E-16, 8.200738815757393E-17, 1.0114507070114195E-16, 2.2031629721377816E-16, 1.5376309333340203E-16, 1.2259270963454807E-16, 8.744144470503874E-17, -6.532931782902407E-17, -1.0458942037283208E-16, -1.234013288006962E-16, 